
		1	14		28		36		64		100		
		2	16		32		42		72		110		
		3	18		36		48		80		120		
		4	20		40		54		88			99	
		5	22	15	44	25	60		96			110	
		6	24	18	48	30	66					121	
		7		21		35	72	49				132	
		8		24		40		56					
		9		27		45		63		81			108
		10		30		50		70		90			120
		11		33		55		77		99			132
		12		36		60		84		108			144


        12  15  18  21  24  27

        12  16  20  24

        36  42  48  49  54  56  63

        64  72  81  96  108

        121     132     144


        21  25  27  30  36  40  45  48  49  50
        54  55  56  60  63  64  65  72  81  96
        108     121     132     144